Res#1(22.523652, 88.3464475) | (22.523652, 88.3464475) | 0.112
(22.5172996, 88.35235010000001) | (22.5413015, 88.35514599999999) | 2.685
(22.5172996, 88.35235010000001) | (22.5167054, 88.3485623) | 0.395
(22.5770003, 88.3641013) | (22.5695581, 88.36071419999999) | 0.898
(22.5770003, 88.3641013) | (22.5856887, 88.3674971) | 1.027
Res#4(22.5375448, 88.3542781) | (22.5375448, 88.3542781) | 0.25
(22.5646879, 88.3535507) | (22.5629378, 88.3527864) | 0.21
(22.5646879, 88.3535507) | (22.5670331, 88.35447150000002) | 0.277
My_Location(22.587212, 88.374389) | (22.5868119, 88.3744579) | 0.045
(22.5685194, 88.3574876) | (22.5681349, 88.3602485) | 0.287
(22.5685194, 88.3574876) | (22.5670331, 88.35447150000002) | 0.351
(22.5629378, 88.3527864) | Res#2(22.5629378, 88.3527864) | 0.1
(22.5867963, 88.3748387) | (22.5868119, 88.3744579) | 0.039
(22.5867963, 88.3748387) | (22.5685517, 88.3701196) | 2.086
(22.5647701, 88.3685194) | (22.5411082, 88.3591864) | 2.801
(22.5647701, 88.3685194) | (22.5684631, 88.3701696) | 0.444
(22.5244688, 88.35242099999999) | (22.5413015, 88.35514599999999) | 1.893
(22.5244688, 88.35242099999999) | (22.523652, 88.3464475) | 0.62
(22.5375448, 88.3542781) | (22.5413015, 88.35514599999999) | 0.427
(22.5856887, 88.3674971) | (22.585444, 88.37383679999999) | 0.652
(22.5413015, 88.35514599999999) | (22.5411082, 88.3591864) | 0.416
(22.5868119, 88.3744579) | (22.5866278, 88.37396269999999) | 0.055
(22.5685517, 88.3701196) | (22.5684631, 88.3701696) | 0.011
(22.5695581, 88.36071419999999) | (22.5681349, 88.3602485) | 0.165
(22.5866278, 88.37396269999999) | (22.585444, 88.37383679999999) | 0.132
Res#3(22.5156348, 88.348114) | (22.5156348, 88.348114) | 0.154
(22.5156348, 88.348114) | (22.5167054, 88.3485623) | 0.128
